1
2
7
../resources/img/map_tile/Start.png
0 1 1
../resources/img/map_tile/Ground1.png
1 1 1
../resources/img/map_tile/Ground3.png
2 1 0
../resources/img/trees/momiji.png
2 4 0
../resources/img/trees/sakura.png
2 4 0
../resources/img/trees/sakura2.png
2 4 0
../resources/img/trees/tree01.png
2 4 0
92
9 28
10 28
11 28
12 28
13 28
14 28
15 28
25 7
25 9
26 10
25 11
26 12
25 13
73 7
74 9
73 10
74 11
73 12
74 13
229 9
229 12
229 13
291 161
293 161
295 161
297 161
260 289
259 291
254 222
255 222
256 222
257 222
258 222
259 222
254 223
255 223
256 223
257 223
258 223
259 223
196 253
197 253
198 253
199 253
200 253
201 253
69 289
70 290
72 291
73 292
72 293
70 294
69 295
70 228
71 228
72 228
73 228
74 228
13 133
12 133
13 133
22 124
22 127
124 124
124 127
124 128
22 102
22 105
124 102
124 105
124 107
9 95
10 95
11 95
12 95
13 95
14 95
15 95
9 94
10 94
11 94
12 94
13 94
14 94
15 94
9 93
10 93
11 93
12 93
13 93
14 93
15 93
4
9 48
11 48
13 48
15 48
